# Cooling tables from Mapping 5. The cooling rate [erg*cm^3/sec] is per n_H^2
# metalicity [solar]
1e-06 1e-05 0.0001 0.001 0.001259 0.001585 0.001778 0.001995 0.002512 0.003162 0.003981 0.005012 0.005623 0.00631 0.007943 0.01 0.01259 0.01585 0.01778 0.01995 0.02512 0.03162 0.03981 0.05012 0.05623 0.0631 0.07943 0.1 0.1259 0.1585 0.1778 0.1995 0.2512 0.3162 0.3981 0.5012 0.5623 0.631 0.7943 1 1.259 1.585 1.778 1.995 2.512 3.162 3.981 5.012 5.623 6.31 7.943 10 
# log(T[K]) log(Lambda(T,Z1))...log(Lambda(T,Zmax))
3 -32.41 -31.41 -30.41 -29.41 -29.31 -29.21 -29.16 -29.11 -29.01 -28.91 -28.81 -28.71 -28.66 -28.61 -28.51 -28.41 -28.31 -28.21 -28.16 -28.11 -28.01 -27.91 -27.81 -27.71 -27.66 -27.61 -27.51 -27.41 -27.31 -27.21 -27.16 -27.11 -27.01 -26.91 -26.81 -26.71 -26.66 -26.61 -26.51 -26.41 -26.31 -26.21 -26.16 -26.11 -26.01 -25.91 -25.81 -25.71 -25.66 -25.61 -25.51 -25.41 
3.05 -32.37 -31.37 -30.37 -29.37 -29.27 -29.17 -29.12 -29.07 -28.97 -28.87 -28.77 -28.67 -28.62 -28.57 -28.47 -28.37 -28.27 -28.17 -28.12 -28.07 -27.97 -27.87 -27.77 -27.67 -27.62 -27.57 -27.47 -27.37 -27.27 -27.17 -27.12 -27.07 -26.97 -26.87 -26.77 -26.67 -26.62 -26.57 -26.47 -26.37 -26.27 -26.17 -26.12 -26.07 -25.97 -25.87 -25.77 -25.67 -25.62 -25.57 -25.47 -25.37 
3.1 -32.33 -31.33 -30.33 -29.33 -29.23 -29.13 -29.08 -29.03 -28.93 -28.83 -28.73 -28.63 -28.58 -28.53 -28.43 -28.33 -28.23 -28.13 -28.08 -28.03 -27.93 -27.83 -27.73 -27.63 -27.58 -27.53 -27.43 -27.33 -27.23 -27.13 -27.08 -27.03 -26.93 -26.83 -26.73 -26.63 -26.58 -26.53 -26.43 -26.33 -26.23 -26.13 -26.08 -26.03 -25.93 -25.83 -25.73 -25.63 -25.58 -25.53 -25.43 -25.33 
3.15 -32.29 -31.29 -30.29 -29.29 -29.19 -29.09 -29.04 -28.99 -28.89 -28.79 -28.69 -28.59 -28.54 -28.49 -28.39 -28.29 -28.19 -28.09 -28.04 -27.99 -27.89 -27.79 -27.69 -27.59 -27.54 -27.49 -27.39 -27.29 -27.19 -27.09 -27.04 -26.99 -26.89 -26.79 -26.69 -26.59 -26.54 -26.49 -26.39 -26.29 -26.19 -26.09 -26.04 -25.99 -25.89 -25.79 -25.69 -25.59 -25.54 -25.49 -25.39 -25.29 
3.2 -32.26 -31.26 -30.26 -29.26 -29.16 -29.06 -29.01 -28.96 -28.86 -28.76 -28.66 -28.56 -28.51 -28.46 -28.36 -28.26 -28.16 -28.06 -28.01 -27.96 -27.86 -27.76 -27.66 -27.56 -27.51 -27.46 -27.36 -27.26 -27.16 -27.06 -27.01 -26.96 -26.86 -26.76 -26.66 -26.56 -26.51 -26.46 -26.36 -26.26 -26.16 -26.06 -26.01 -25.96 -25.86 -25.76 -25.66 -25.56 -25.51 -25.46 -25.36 -25.26 
3.25 -32.22 -31.22 -30.22 -29.22 -29.12 -29.02 -28.97 -28.92 -28.82 -28.72 -28.62 -28.52 -28.47 -28.42 -28.32 -28.22 -28.12 -28.02 -27.97 -27.92 -27.82 -27.72 -27.62 -27.52 -27.47 -27.42 -27.32 -27.22 -27.12 -27.02 -26.97 -26.92 -26.82 -26.72 -26.62 -26.52 -26.47 -26.42 -26.32 -26.22 -26.12 -26.02 -25.97 -25.92 -25.82 -25.72 -25.62 -25.52 -25.47 -25.42 -25.32 -25.22 
3.3 -32.18 -31.18 -30.18 -29.18 -29.08 -28.98 -28.93 -28.88 -28.78 -28.68 -28.58 -28.48 -28.43 -28.38 -28.28 -28.18 -28.08 -27.98 -27.93 -27.88 -27.78 -27.68 -27.58 -27.48 -27.43 -27.38 -27.28 -27.18 -27.08 -26.98 -26.93 -26.88 -26.78 -26.68 -26.58 -26.48 -26.43 -26.38 -26.28 -26.18 -26.08 -25.98 -25.93 -25.88 -25.78 -25.68 -25.58 -25.48 -25.43 -25.38 -25.28 -25.18 
3.35 -32.15 -31.15 -30.15 -29.15 -29.05 -28.95 -28.9 -28.85 -28.75 -28.65 -28.55 -28.45 -28.4 -28.35 -28.25 -28.15 -28.05 -27.95 -27.9 -27.85 -27.75 -27.65 -27.55 -27.45 -27.4 -27.35 -27.25 -27.15 -27.05 -26.95 -26.9 -26.85 -26.75 -26.65 -26.55 -26.45 -26.4 -26.35 -26.25 -26.15 -26.05 -25.95 -25.9 -25.85 -25.75 -25.65 -25.55 -25.45 -25.4 -25.35 -25.25 -25.15 
3.4 -32.11 -31.11 -30.11 -29.11 -29.01 -28.91 -28.86 -28.81 -28.71 -28.61 -28.51 -28.41 -28.36 -28.31 -28.21 -28.11 -28.01 -27.91 -27.86 -27.81 -27.71 -27.61 -27.51 -27.41 -27.36 -27.31 -27.21 -27.11 -27.01 -26.91 -26.86 -26.81 -26.71 -26.61 -26.51 -26.41 -26.36 -26.31 -26.21 -26.11 -26.01 -25.91 -25.86 -25.81 -25.71 -25.61 -25.51 -25.41 -25.36 -25.31 -25.21 -25.11 
3.45 -32.08 -31.08 -30.08 -29.08 -28.98 -28.88 -28.83 -28.78 -28.68 -28.58 -28.48 -28.38 -28.33 -28.28 -28.18 -28.08 -27.98 -27.88 -27.83 -27.78 -27.68 -27.58 -27.48 -27.38 -27.33 -27.28 -27.18 -27.08 -26.98 -26.88 -26.83 -26.78 -26.68 -26.58 -26.48 -26.38 -26.33 -26.28 -26.18 -26.08 -25.98 -25.88 -25.83 -25.78 -25.68 -25.58 -25.48 -25.38 -25.33 -25.28 -25.18 -25.08 
3.5 -32.04 -31.04 -30.04 -29.04 -28.94 -28.84 -28.79 -28.74 -28.64 -28.54 -28.44 -28.34 -28.29 -28.24 -28.14 -28.04 -27.94 -27.84 -27.79 -27.74 -27.64 -27.54 -27.44 -27.34 -27.29 -27.24 -27.14 -27.04 -26.94 -26.84 -26.79 -26.74 -26.64 -26.54 -26.44 -26.34 -26.29 -26.24 -26.14 -26.04 -25.94 -25.84 -25.79 -25.74 -25.64 -25.54 -25.44 -25.34 -25.29 -25.24 -25.14 -25.04 
3.55 -32.01 -31.01 -30.01 -29.01 -28.91 -28.81 -28.76 -28.71 -28.61 -28.51 -28.41 -28.31 -28.26 -28.21 -28.11 -28.01 -27.91 -27.81 -27.76 -27.71 -27.61 -27.51 -27.41 -27.31 -27.26 -27.21 -27.11 -27.01 -26.91 -26.81 -26.76 -26.71 -26.61 -26.51 -26.41 -26.31 -26.26 -26.21 -26.11 -26.01 -25.91 -25.81 -25.76 -25.71 -25.61 -25.51 -25.41 -25.31 -25.26 -25.21 -25.11 -25.01 
3.6 -31.98 -30.98 -29.98 -28.98 -28.88 -28.78 -28.73 -28.68 -28.58 -28.48 -28.38 -28.28 -28.23 -28.18 -28.08 -27.98 -27.88 -27.78 -27.73 -27.68 -27.58 -27.48 -27.38 -27.28 -27.23 -27.18 -27.08 -26.98 -26.88 -26.78 -26.73 -26.68 -26.58 -26.48 -26.38 -26.28 -26.23 -26.18 -26.08 -25.98 -25.88 -25.78 -25.73 -25.68 -25.58 -25.48 -25.38 -25.28 -25.23 -25.18 -25.08 -24.98 
3.65 -31.96 -30.96 -29.96 -28.96 -28.86 -28.76 -28.71 -28.66 -28.56 -28.46 -28.36 -28.26 -28.21 -28.15 -28.05 -27.95 -27.85 -27.75 -27.7 -27.65 -27.55 -27.45 -27.35 -27.25 -27.2 -27.15 -27.05 -26.95 -26.85 -26.74 -26.69 -26.64 -26.54 -26.45 -26.35 -26.25 -26.2 -26.15 -26.04 -25.95 -25.84 -25.75 -25.7 -25.64 -25.54 -25.44 -25.34 -25.24 -25.19 -25.14 -25.04 -24.94 
3.7 -31.92 -30.92 -29.92 -28.92 -28.82 -28.72 -28.67 -28.62 -28.52 -28.42 -28.32 -28.22 -28.17 -28.12 -28.02 -27.92 -27.82 -27.72 -27.67 -27.62 -27.52 -27.42 -27.32 -27.22 -27.17 -27.12 -27.02 -26.92 -26.82 -26.72 -26.67 -26.62 -26.52 -26.41 -26.31 -26.21 -26.16 -26.11 -26.01 -25.91 -25.81 -25.71 -25.66 -25.61 -25.51 -25.41 -25.31 -25.21 -25.16 -25.11 -25.01 -24.91 
3.75 -31.88 -30.88 -29.88 -28.89 -28.79 -28.69 -28.64 -28.59 -28.49 -28.39 -28.29 -28.19 -28.14 -28.09 -27.99 -27.89 -27.79 -27.69 -27.64 -27.59 -27.49 -27.39 -27.29 -27.19 -27.14 -27.09 -26.99 -26.89 -26.79 -26.69 -26.64 -26.59 -26.49 -26.39 -26.29 -26.18 -26.13 -26.08 -25.98 -25.88 -25.78 -25.68 -25.63 -25.58 -25.48 -25.38 -25.27 -25.17 -25.12 -25.07 -24.97 -24.87 
3.8 -31.76 -30.77 -29.78 -28.83 -28.73 -28.63 -28.58 -28.54 -28.44 -28.34 -28.24 -28.14 -28.09 -28.04 -27.94 -27.84 -27.74 -27.64 -27.59 -27.54 -27.45 -27.35 -27.25 -27.15 -27.1 -27.05 -26.95 -26.85 -26.75 -26.65 -26.6 -26.55 -26.45 -26.35 -26.24 -26.14 -26.09 -26.04 -25.94 -25.84 -25.74 -25.64 -25.59 -25.54 -25.44 -25.34 -25.23 -25.13 -25.08 -25.03 -24.92 -24.82 
3.85 -31.06 -30.36 -29.4 -28.5 -28.43 -28.35 -28.32 -28.28 -28.21 -28.13 -28.05 -27.97 -27.93 -27.89 -27.8 -27.71 -27.62 -27.53 -27.49 -27.44 -27.35 -27.25 -27.15 -27.06 -27.01 -26.96 -26.86 -26.76 -26.66 -26.56 -26.51 -26.47 -26.37 -26.27 -26.17 -26.07 -26.02 -25.97 -25.87 -25.77 -25.66 -25.56 -25.51 -25.46 -25.36 -25.26 -25.16 -25.05 -25 -24.95 -24.84 -24.73 
3.9 -29.35 -29.25 -28.67 -27.77 -27.68 -27.6 -27.57 -27.53 -27.46 -27.4 -27.34 -27.29 -27.27 -27.24 -27.2 -27.15 -27.1 -27.05 -27.02 -26.99 -26.93 -26.87 -26.8 -26.73 -26.7 -26.66 -26.58 -26.49 -26.41 -26.32 -26.28 -26.23 -26.14 -26.04 -25.95 -25.85 -25.8 -25.76 -25.66 -25.56 -25.46 -25.36 -25.31 -25.26 -25.15 -25.05 -24.95 -24.84 -24.79 -24.74 -24.63 -24.51 
3.95 -27.65 -27.65 -27.56 -26.98 -26.9 -26.81 -26.77 -26.73 -26.65 -26.56 -26.49 -26.41 -26.38 -26.35 -26.29 -26.23 -26.19 -26.14 -26.12 -26.11 -26.07 -26.04 -26 -25.96 -25.94 -25.93 -25.88 -25.84 -25.79 -25.73 -25.7 -25.67 -25.6 -25.53 -25.46 -25.38 -25.34 -25.29 -25.21 -25.12 -25.03 -24.93 -24.88 -24.83 -24.74 -24.63 -24.53 -24.43 -24.37 -24.32 -24.21 -24.09 
4 -26.13 -26.13 -26.13 -26 -25.96 -25.92 -25.89 -25.87 -25.81 -25.75 -25.68 -25.61 -25.58 -25.54 -25.47 -25.4 -25.34 -25.28 -25.25 -25.22 -25.17 -25.13 -25.09 -25.06 -25.04 -25.03 -25 -24.97 -24.94 -24.9 -24.89 -24.87 -24.83 -24.79 -24.74 -24.69 -24.66 -24.63 -24.57 -24.5 -24.42 -24.34 -24.3 -24.26 -24.17 -24.08 -23.98 -23.88 -23.83 -23.78 -23.67 -23.56 
4.05 -24.78 -24.78 -24.78 -24.77 -24.76 -24.76 -24.75 -24.75 -24.74 -24.72 -24.7 -24.68 -24.66 -24.65 -24.61 -24.57 -24.53 -24.48 -24.45 -24.43 -24.37 -24.32 -24.28 -24.23 -24.21 -24.19 -24.16 -24.13 -24.1 -24.07 -24.06 -24.04 -24.02 -23.99 -23.96 -23.93 -23.91 -23.89 -23.85 -23.8 -23.75 -23.69 -23.66 -23.63 -23.56 -23.48 -23.4 -23.31 -23.26 -23.22 -23.12 -23.01 
4.1 -23.59 -23.59 -23.59 -23.59 -23.59 -23.59 -23.59 -23.59 -23.59 -23.59 -23.59 -23.59 -23.59 -23.58 -23.58 -23.57 -23.56 -23.55 -23.54 -23.53 -23.51 -23.49 -23.47 -23.44 -23.42 -23.41 -23.38 -23.35 -23.32 -23.3 -23.29 -23.27 -23.25 -23.23 -23.21 -23.19 -23.17 -23.16 -23.14 -23.11 -23.07 -23.03 -23.01 -22.99 -22.94 -22.88 -22.82 -22.74 -22.7 -22.66 -22.57 -22.48 
4.15 -22.65 -22.65 -22.65 -22.65 -22.65 -22.65 -22.65 -22.65 -22.65 -22.65 -22.65 -22.65 -22.65 -22.65 -22.65 -22.65 -22.65 -22.65 -22.65 -22.65 -22.65 -22.65 -22.64 -22.64 -22.63 -22.63 -22.62 -22.62 -22.61 -22.59 -22.59 -22.58 -22.57 -22.56 -22.55 -22.53 -22.52 -22.52 -22.5 -22.48 -22.46 -22.43 -22.42 -22.4 -22.37 -22.32 -22.27 -22.21 -22.18 -22.15 -22.07 -21.98 
4.2 -22.09 -22.09 -22.09 -22.09 -22.09 -22.09 -22.09 -22.09 -22.09 -22.09 -22.09 -22.09 -22.09 -22.09 -22.09 -22.09 -22.09 -22.09 -22.09 -22.09 -22.09 -22.09 -22.09 -22.09 -22.09 -22.09 -22.08 -22.08 -22.08 -22.08 -22.08 -22.08 -22.07 -22.07 -22.07 -22.06 -22.06 -22.05 -22.04 -22.03 -22.02 -22 -21.98 -21.97 -21.94 -21.91 -21.86 -21.81 -21.78 -21.75 -21.68 -21.6 
4.25 -21.91 -21.91 -21.91 -21.91 -21.91 -21.91 -21.91 -21.91 -21.91 -21.91 -21.91 -21.91 -21.91 -21.91 -21.9 -21.9 -21.9 -21.9 -21.9 -21.9 -21.9 -21.9 -21.9 -21.9 -21.9 -21.9 -21.9 -21.9 -21.9 -21.9 -21.89 -21.89 -21.89 -21.89 -21.88 -21.87 -21.87 -21.87 -21.86 -21.84 -21.83 -21.81 -21.8 -21.78 -21.75 -21.72 -21.67 -21.62 -21.59 -21.56 -21.48 -21.4 
4.3 -21.93 -21.93 -21.93 -21.93 -21.93 -21.93 -21.93 -21.93 -21.93 -21.93 -21.93 -21.93 -21.93 -21.93 -21.93 -21.93 -21.93 -21.93 -21.93 -21.93 -21.93 -21.93 -21.93 -21.93 -21.93 -21.93 -21.93 -21.92 -21.92 -21.92 -21.92 -21.91 -21.91 -21.9 -21.9 -21.89 -21.88 -21.88 -21.86 -21.85 -21.82 -21.8 -21.78 -21.77 -21.73 -21.69 -21.63 -21.57 -21.53 -21.5 -21.41 -21.32 
4.35 -22.03 -22.03 -22.03 -22.03 -22.03 -22.03 -22.03 -22.03 -22.03 -22.03 -22.03 -22.03 -22.03 -22.03 -22.03 -22.03 -22.03 -22.03 -22.03 -22.03 -22.03 -22.03 -22.03 -22.03 -22.02 -22.02 -22.02 -22.02 -22.01 -22.01 -22.01 -22 -22 -21.99 -21.98 -21.96 -21.96 -21.95 -21.93 -21.9 -21.87 -21.84 -21.82 -21.8 -21.75 -21.69 -21.62 -21.55 -21.51 -21.47 -21.37 -21.27 
4.4 -22.14 -22.14 -22.14 -22.14 -22.14 -22.14 -22.14 -22.14 -22.14 -22.14 -22.14 -22.14 -22.14 -22.14 -22.14 -22.14 -22.14 -22.14 -22.14 -22.14 -22.13 -22.13 -22.13 -22.13 -22.13 -22.13 -22.12 -22.12 -22.11 -22.1 -22.1 -22.1 -22.09 -22.07 -22.06 -22.04 -22.02 -22.01 -21.98 -21.95 -21.91 -21.86 -21.83 -21.8 -21.74 -21.67 -21.59 -21.51 -21.46 -21.41 -21.31 -21.19 
4.45 -22.23 -22.23 -22.23 -22.23 -22.23 -22.23 -22.23 -22.23 -22.23 -22.23 -22.23 -22.23 -22.23 -22.23 -22.23 -22.23 -22.23 -22.23 -22.23 -22.23 -22.22 -22.22 -22.22 -22.21 -22.21 -22.21 -22.2 -22.2 -22.19 -22.18 -22.17 -22.16 -22.15 -22.13 -22.1 -22.07 -22.06 -22.04 -22 -21.96 -21.9 -21.84 -21.81 -21.78 -21.7 -21.62 -21.53 -21.43 -21.38 -21.33 -21.22 -21.1 
4.5 -22.32 -22.32 -22.32 -22.32 -22.32 -22.32 -22.32 -22.32 -22.31 -22.31 -22.31 -22.31 -22.31 -22.31 -22.31 -22.31 -22.31 -22.31 -22.31 -22.3 -22.3 -22.3 -22.29 -22.29 -22.28 -22.28 -22.27 -22.26 -22.25 -22.23 -22.22 -22.21 -22.19 -22.16 -22.13 -22.09 -22.07 -22.04 -21.99 -21.94 -21.87 -21.8 -21.76 -21.72 -21.64 -21.55 -21.45 -21.34 -21.29 -21.23 -21.11 -20.99 
4.55 -22.41 -22.41 -22.41 -22.41 -22.41 -22.41 -22.41 -22.41 -22.41 -22.4 -22.4 -22.4 -22.4 -22.4 -22.4 -22.4 -22.4 -22.39 -22.39 -22.39 -22.39 -22.38 -22.37 -22.36 -22.36 -22.35 -22.34 -22.32 -22.31 -22.28 -22.27 -22.25 -22.22 -22.18 -22.14 -22.09 -22.06 -22.03 -21.97 -21.9 -21.83 -21.75 -21.7 -21.66 -21.57 -21.47 -21.36 -21.25 -21.2 -21.14 -21.01 -20.88 
4.6 -22.5 -22.5 -22.5 -22.5 -22.5 -22.5 -22.5 -22.5 -22.5 -22.5 -22.49 -22.49 -22.49 -22.49 -22.49 -22.49 -22.48 -22.48 -22.48 -22.47 -22.47 -22.46 -22.45 -22.43 -22.43 -22.42 -22.4 -22.38 -22.35 -22.32 -22.3 -22.28 -22.24 -22.19 -22.13 -22.07 -22.04 -22.01 -21.93 -21.85 -21.77 -21.68 -21.64 -21.59 -21.49 -21.39 -21.28 -21.17 -21.11 -21.05 -20.92 -20.79 
4.65 -22.57 -22.57 -22.57 -22.57 -22.57 -22.57 -22.57 -22.57 -22.57 -22.57 -22.57 -22.56 -22.56 -22.56 -22.56 -22.55 -22.55 -22.54 -22.54 -22.53 -22.52 -22.51 -22.5 -22.48 -22.47 -22.46 -22.43 -22.4 -22.37 -22.33 -22.3 -22.28 -22.23 -22.17 -22.1 -22.03 -22 -21.96 -21.88 -21.79 -21.7 -21.61 -21.56 -21.51 -21.41 -21.3 -21.19 -21.07 -21.01 -20.95 -20.82 -20.69 
4.7 -22.59 -22.59 -22.59 -22.59 -22.59 -22.59 -22.59 -22.59 -22.59 -22.58 -22.58 -22.58 -22.58 -22.58 -22.57 -22.57 -22.56 -22.55 -22.55 -22.54 -22.53 -22.51 -22.5 -22.47 -22.46 -22.45 -22.42 -22.38 -22.34 -22.29 -22.27 -22.24 -22.18 -22.11 -22.04 -21.97 -21.93 -21.89 -21.8 -21.71 -21.62 -21.52 -21.47 -21.42 -21.32 -21.21 -21.09 -20.98 -20.91 -20.85 -20.72 -20.58 
4.75 -22.51 -22.51 -22.51 -22.51 -22.51 -22.51 -22.51 -22.51 -22.51 -22.5 -22.5 -22.5 -22.5 -22.49 -22.49 -22.48 -22.48 -22.47 -22.46 -22.46 -22.45 -22.43 -22.41 -22.39 -22.38 -22.36 -22.33 -22.29 -22.25 -22.2 -22.18 -22.15 -22.09 -22.02 -21.95 -21.87 -21.83 -21.79 -21.7 -21.61 -21.52 -21.42 -21.37 -21.32 -21.22 -21.11 -20.99 -20.87 -20.81 -20.75 -20.62 -20.48 
4.8 -22.34 -22.34 -22.34 -22.33 -22.33 -22.33 -22.33 -22.33 -22.33 -22.33 -22.33 -22.32 -22.32 -22.32 -22.32 -22.31 -22.31 -22.3 -22.3 -22.29 -22.28 -22.27 -22.25 -22.23 -22.22 -22.21 -22.18 -22.15 -22.11 -22.07 -22.04 -22.02 -21.96 -21.9 -21.83 -21.76 -21.72 -21.68 -21.6 -21.51 -21.42 -21.32 -21.27 -21.22 -21.11 -21 -20.89 -20.77 -20.71 -20.64 -20.51 -20.37 
4.85 -22.15 -22.15 -22.15 -22.14 -22.14 -22.14 -22.14 -22.14 -22.14 -22.14 -22.14 -22.14 -22.14 -22.13 -22.13 -22.13 -22.12 -22.12 -22.11 -22.11 -22.1 -22.09 -22.08 -22.06 -22.05 -22.04 -22.02 -21.99 -21.96 -21.92 -21.9 -21.88 -21.83 -21.77 -21.71 -21.64 -21.6 -21.56 -21.49 -21.4 -21.31 -21.22 -21.17 -21.12 -21.01 -20.91 -20.79 -20.67 -20.61 -20.54 -20.41 -20.27 
4.9 -22.03 -22.03 -22.03 -22.03 -22.03 -22.03 -22.03 -22.03 -22.03 -22.03 -22.03 -22.03 -22.02 -22.02 -22.02 -22.02 -22.01 -22.01 -22 -22 -21.99 -21.98 -21.97 -21.96 -21.95 -21.94 -21.92 -21.89 -21.86 -21.82 -21.8 -21.78 -21.73 -21.68 -21.62 -21.55 -21.52 -21.48 -21.4 -21.32 -21.23 -21.13 -21.09 -21.04 -20.93 -20.82 -20.7 -20.58 -20.52 -20.45 -20.32 -20.17 
4.95 -22.03 -22.03 -22.03 -22.03 -22.03 -22.03 -22.03 -22.03 -22.02 -22.02 -22.02 -22.02 -22.02 -22.02 -22.01 -22.01 -22.01 -22 -22 -21.99 -21.98 -21.97 -21.96 -21.94 -21.93 -21.92 -21.9 -21.87 -21.84 -21.8 -21.77 -21.75 -21.7 -21.64 -21.58 -21.51 -21.47 -21.43 -21.35 -21.27 -21.18 -21.08 -21.03 -20.98 -20.87 -20.76 -20.64 -20.51 -20.45 -20.38 -20.24 -20.09 
5 -22.1 -22.1 -22.1 -22.1 -22.1 -22.1 -22.1 -22.09 -22.09 -22.09 -22.09 -22.09 -22.09 -22.08 -22.08 -22.08 -22.07 -22.06 -22.06 -22.05 -22.04 -22.03 -22.01 -21.99 -21.98 -21.97 -21.94 -21.91 -21.87 -21.82 -21.8 -21.77 -21.71 -21.65 -21.58 -21.51 -21.47 -21.42 -21.34 -21.25 -21.15 -21.05 -21 -20.95 -20.84 -20.72 -20.6 -20.47 -20.4 -20.33 -20.19 -20.03 
5.05 -22.2 -22.2 -22.2 -22.2 -22.2 -22.2 -22.2 -22.19 -22.19 -22.19 -22.19 -22.19 -22.18 -22.18 -22.18 -22.17 -22.16 -22.16 -22.15 -22.14 -22.13 -22.11 -22.09 -22.07 -22.06 -22.04 -22.01 -21.97 -21.93 -21.87 -21.85 -21.82 -21.76 -21.69 -21.61 -21.53 -21.49 -21.45 -21.36 -21.26 -21.16 -21.06 -21.01 -20.95 -20.84 -20.72 -20.59 -20.46 -20.39 -20.32 -20.17 -20.01 
5.1 -22.31 -22.31 -22.31 -22.31 -22.31 -22.3 -22.3 -22.3 -22.3 -22.3 -22.3 -22.29 -22.29 -22.29 -22.28 -22.27 -22.27 -22.25 -22.25 -22.24 -22.23 -22.21 -22.18 -22.15 -22.14 -22.12 -22.08 -22.04 -21.99 -21.93 -21.9 -21.87 -21.8 -21.73 -21.65 -21.56 -21.52 -21.48 -21.38 -21.28 -21.18 -21.07 -21.02 -20.96 -20.84 -20.72 -20.59 -20.45 -20.38 -20.31 -20.15 -19.99 
5.15 -22.42 -22.42 -22.42 -22.41 -22.41 -22.41 -22.41 -22.41 -22.41 -22.4 -22.4 -22.39 -22.39 -22.39 -22.38 -22.37 -22.36 -22.35 -22.34 -22.33 -22.31 -22.28 -22.26 -22.22 -22.2 -22.18 -22.14 -22.08 -22.03 -21.96 -21.93 -21.9 -21.82 -21.74 -21.66 -21.57 -21.52 -21.47 -21.38 -21.28 -21.17 -21.06 -21 -20.95 -20.83 -20.7 -20.57 -20.43 -20.36 -20.28 -20.13 -19.96 
5.2 -22.52 -22.52 -22.52 -22.51 -22.51 -22.51 -22.51 -22.51 -22.5 -22.5 -22.5 -22.49 -22.48 -22.48 -22.47 -22.46 -22.44 -22.42 -22.41 -22.4 -22.38 -22.35 -22.31 -22.27 -22.24 -22.22 -22.17 -22.11 -22.04 -21.97 -21.93 -21.9 -21.82 -21.73 -21.64 -21.55 -21.5 -21.45 -21.35 -21.25 -21.14 -21.03 -20.97 -20.92 -20.8 -20.67 -20.54 -20.4 -20.33 -20.25 -20.1 -19.93 
5.25 -22.62 -22.62 -22.62 -22.61 -22.61 -22.6 -22.6 -22.6 -22.59 -22.59 -22.58 -22.57 -22.57 -22.56 -22.55 -22.53 -22.51 -22.49 -22.48 -22.46 -22.43 -22.39 -22.35 -22.3 -22.27 -22.24 -22.18 -22.11 -22.04 -21.97 -21.93 -21.88 -21.8 -21.71 -21.62 -21.52 -21.48 -21.43 -21.33 -21.22 -21.11 -21.01 -20.95 -20.89 -20.77 -20.65 -20.52 -20.39 -20.32 -20.24 -20.09 -19.93 
5.3 -22.71 -22.71 -22.71 -22.69 -22.69 -22.69 -22.69 -22.68 -22.68 -22.67 -22.66 -22.65 -22.64 -22.63 -22.62 -22.6 -22.57 -22.54 -22.53 -22.51 -22.47 -22.42 -22.37 -22.32 -22.29 -22.26 -22.19 -22.12 -22.04 -21.96 -21.91 -21.87 -21.78 -21.69 -21.6 -21.5 -21.45 -21.41 -21.3 -21.2 -21.1 -20.99 -20.94 -20.88 -20.77 -20.65 -20.53 -20.4 -20.33 -20.27 -20.13 -19.98 
5.35 -22.79 -22.79 -22.79 -22.77 -22.77 -22.76 -22.76 -22.76 -22.75 -22.74 -22.73 -22.72 -22.71 -22.7 -22.68 -22.65 -22.62 -22.59 -22.57 -22.55 -22.5 -22.45 -22.4 -22.33 -22.3 -22.27 -22.19 -22.12 -22.04 -21.95 -21.91 -21.86 -21.77 -21.68 -21.59 -21.49 -21.44 -21.39 -21.29 -21.19 -21.09 -20.98 -20.93 -20.88 -20.77 -20.65 -20.54 -20.42 -20.36 -20.29 -20.16 -20.02 
5.4 -22.86 -22.86 -22.86 -22.85 -22.84 -22.84 -22.83 -22.83 -22.82 -22.81 -22.8 -22.78 -22.77 -22.76 -22.74 -22.71 -22.67 -22.64 -22.62 -22.59 -22.54 -22.49 -22.43 -22.36 -22.33 -22.29 -22.21 -22.13 -22.05 -21.96 -21.92 -21.88 -21.78 -21.69 -21.6 -21.5 -21.45 -21.4 -21.3 -21.2 -21.1 -20.99 -20.94 -20.89 -20.78 -20.67 -20.56 -20.44 -20.38 -20.32 -20.2 -20.07 
5.45 -22.93 -22.93 -22.93 -22.92 -22.91 -22.9 -22.9 -22.9 -22.89 -22.88 -22.86 -22.85 -22.84 -22.83 -22.8 -22.78 -22.74 -22.7 -22.68 -22.66 -22.61 -22.55 -22.49 -22.43 -22.39 -22.35 -22.28 -22.2 -22.12 -22.03 -21.98 -21.94 -21.85 -21.75 -21.66 -21.56 -21.51 -21.46 -21.36 -21.26 -21.16 -21.06 -21.01 -20.95 -20.85 -20.74 -20.63 -20.51 -20.45 -20.4 -20.27 -20.14 
5.5 -23 -23 -22.99 -22.98 -22.98 -22.97 -22.97 -22.97 -22.96 -22.95 -22.94 -22.92 -22.91 -22.9 -22.88 -22.86 -22.83 -22.79 -22.78 -22.75 -22.71 -22.66 -22.6 -22.54 -22.51 -22.47 -22.4 -22.32 -22.24 -22.16 -22.11 -22.07 -21.98 -21.89 -21.79 -21.7 -21.65 -21.6 -21.5 -21.4 -21.3 -21.19 -21.14 -21.09 -20.98 -20.88 -20.77 -20.65 -20.59 -20.53 -20.41 -20.29 
5.55 -23.05 -23.05 -23.05 -23.04 -23.04 -23.03 -23.03 -23.03 -23.02 -23.01 -23 -22.99 -22.98 -22.98 -22.96 -22.94 -22.91 -22.88 -22.86 -22.85 -22.81 -22.76 -22.71 -22.65 -22.62 -22.59 -22.52 -22.44 -22.37 -22.28 -22.24 -22.2 -22.11 -22.02 -21.93 -21.83 -21.78 -21.74 -21.64 -21.54 -21.44 -21.34 -21.28 -21.23 -21.13 -21.02 -20.91 -20.79 -20.74 -20.68 -20.56 -20.43 
5.6 -23.1 -23.1 -23.1 -23.09 -23.09 -23.08 -23.08 -23.08 -23.07 -23.07 -23.06 -23.05 -23.04 -23.03 -23.02 -23 -22.97 -22.94 -22.93 -22.91 -22.87 -22.83 -22.77 -22.72 -22.69 -22.66 -22.59 -22.52 -22.44 -22.36 -22.32 -22.28 -22.19 -22.1 -22.01 -21.91 -21.87 -21.82 -21.72 -21.62 -21.52 -21.42 -21.37 -21.32 -21.21 -21.1 -20.99 -20.88 -20.82 -20.76 -20.64 -20.52 
5.65 -23.15 -23.15 -23.15 -23.14 -23.13 -23.13 -23.13 -23.12 -23.12 -23.11 -23.1 -23.09 -23.08 -23.07 -23.06 -23.04 -23.01 -22.98 -22.97 -22.95 -22.91 -22.86 -22.81 -22.76 -22.72 -22.69 -22.62 -22.55 -22.48 -22.39 -22.35 -22.31 -22.22 -22.13 -22.04 -21.95 -21.9 -21.85 -21.75 -21.65 -21.55 -21.45 -21.4 -21.35 -21.24 -21.13 -21.02 -20.91 -20.85 -20.8 -20.68 -20.55 
5.7 -23.19 -23.19 -23.19 -23.17 -23.17 -23.17 -23.16 -23.16 -23.15 -23.15 -23.14 -23.12 -23.12 -23.11 -23.09 -23.07 -23.04 -23.01 -23 -22.98 -22.94 -22.89 -22.84 -22.78 -22.75 -22.71 -22.64 -22.57 -22.49 -22.41 -22.37 -22.32 -22.24 -22.15 -22.05 -21.96 -21.91 -21.86 -21.76 -21.66 -21.56 -21.46 -21.41 -21.36 -21.25 -21.15 -21.04 -20.92 -20.87 -20.81 -20.69 -20.56 
5.75 -23.22 -23.22 -23.22 -23.21 -23.2 -23.2 -23.2 -23.19 -23.19 -23.18 -23.17 -23.16 -23.15 -23.14 -23.12 -23.1 -23.07 -23.04 -23.02 -23.01 -22.96 -22.92 -22.86 -22.8 -22.77 -22.74 -22.67 -22.59 -22.51 -22.43 -22.39 -22.35 -22.26 -22.17 -22.07 -21.98 -21.93 -21.88 -21.78 -21.69 -21.58 -21.48 -21.43 -21.38 -21.27 -21.17 -21.06 -20.94 -20.89 -20.83 -20.71 -20.59 
5.8 -23.25 -23.25 -23.25 -23.24 -23.23 -23.23 -23.23 -23.22 -23.22 -23.21 -23.2 -23.19 -23.18 -23.17 -23.15 -23.13 -23.11 -23.07 -23.06 -23.04 -23 -22.95 -22.9 -22.84 -22.81 -22.77 -22.71 -22.63 -22.55 -22.47 -22.43 -22.39 -22.3 -22.21 -22.11 -22.02 -21.97 -21.92 -21.83 -21.73 -21.63 -21.52 -21.47 -21.42 -21.31 -21.21 -21.1 -20.99 -20.93 -20.87 -20.75 -20.63 
5.85 -23.27 -23.27 -23.27 -23.26 -23.26 -23.25 -23.25 -23.25 -23.24 -23.23 -23.22 -23.21 -23.2 -23.2 -23.18 -23.16 -23.13 -23.1 -23.09 -23.07 -23.03 -22.98 -22.93 -22.87 -22.84 -22.81 -22.74 -22.67 -22.59 -22.51 -22.46 -22.42 -22.33 -22.24 -22.15 -22.06 -22.01 -21.96 -21.86 -21.76 -21.66 -21.56 -21.51 -21.46 -21.35 -21.24 -21.13 -21.02 -20.97 -20.91 -20.79 -20.66 
5.9 -23.29 -23.29 -23.29 -23.28 -23.27 -23.27 -23.27 -23.27 -23.26 -23.25 -23.24 -23.23 -23.22 -23.21 -23.2 -23.18 -23.15 -23.12 -23.1 -23.08 -23.04 -23 -22.94 -22.89 -22.86 -22.82 -22.76 -22.68 -22.6 -22.52 -22.48 -22.44 -22.35 -22.26 -22.17 -22.07 -22.02 -21.98 -21.88 -21.78 -21.68 -21.58 -21.52 -21.47 -21.37 -21.26 -21.15 -21.04 -20.98 -20.92 -20.8 -20.68 
5.95 -23.3 -23.3 -23.3 -23.29 -23.29 -23.28 -23.28 -23.28 -23.27 -23.26 -23.25 -23.24 -23.23 -23.23 -23.21 -23.19 -23.16 -23.13 -23.11 -23.09 -23.05 -23.01 -22.95 -22.89 -22.86 -22.83 -22.76 -22.69 -22.61 -22.53 -22.48 -22.44 -22.35 -22.26 -22.17 -22.08 -22.03 -21.98 -21.88 -21.78 -21.68 -21.58 -21.53 -21.48 -21.37 -21.26 -21.15 -21.04 -20.98 -20.92 -20.8 -20.68 
6 -23.31 -23.31 -23.31 -23.3 -23.3 -23.29 -23.29 -23.29 -23.28 -23.27 -23.26 -23.25 -23.24 -23.23 -23.22 -23.19 -23.17 -23.14 -23.12 -23.1 -23.06 -23.01 -22.96 -22.9 -22.87 -22.84 -22.77 -22.69 -22.61 -22.53 -22.49 -22.45 -22.36 -22.27 -22.18 -22.08 -22.03 -21.98 -21.89 -21.79 -21.69 -21.58 -21.53 -21.48 -21.37 -21.27 -21.16 -21.04 -20.99 -20.93 -20.81 -20.68 
6.05 -23.32 -23.32 -23.32 -23.3 -23.3 -23.3 -23.29 -23.29 -23.29 -23.28 -23.27 -23.26 -23.25 -23.24 -23.22 -23.2 -23.18 -23.14 -23.13 -23.11 -23.07 -23.02 -22.97 -22.91 -22.88 -22.85 -22.78 -22.7 -22.63 -22.55 -22.5 -22.46 -22.37 -22.28 -22.19 -22.09 -22.05 -22 -21.9 -21.8 -21.7 -21.6 -21.54 -21.49 -21.39 -21.28 -21.17 -21.06 -21 -20.94 -20.82 -20.69 
6.1 -23.32 -23.32 -23.32 -23.31 -23.3 -23.3 -23.3 -23.29 -23.29 -23.28 -23.27 -23.26 -23.25 -23.24 -23.23 -23.21 -23.18 -23.15 -23.13 -23.12 -23.08 -23.03 -22.98 -22.92 -22.89 -22.86 -22.79 -22.72 -22.64 -22.56 -22.52 -22.48 -22.39 -22.3 -22.21 -22.11 -22.06 -22.01 -21.92 -21.82 -21.72 -21.61 -21.56 -21.51 -21.4 -21.3 -21.19 -21.07 -21.01 -20.95 -20.83 -20.71 
6.15 -23.32 -23.32 -23.32 -23.31 -23.3 -23.3 -23.3 -23.29 -23.29 -23.28 -23.27 -23.26 -23.25 -23.25 -23.23 -23.21 -23.19 -23.16 -23.14 -23.12 -23.08 -23.04 -22.99 -22.93 -22.9 -22.87 -22.81 -22.73 -22.66 -22.58 -22.54 -22.49 -22.41 -22.32 -22.22 -22.13 -22.08 -22.03 -21.94 -21.84 -21.74 -21.63 -21.58 -21.53 -21.42 -21.31 -21.2 -21.09 -21.03 -20.97 -20.85 -20.72 
6.2 -23.31 -23.31 -23.31 -23.3 -23.3 -23.29 -23.29 -23.29 -23.28 -23.28 -23.27 -23.26 -23.25 -23.25 -23.23 -23.21 -23.19 -23.16 -23.15 -23.13 -23.09 -23.05 -23 -22.95 -22.92 -22.89 -22.82 -22.75 -22.68 -22.6 -22.56 -22.52 -22.43 -22.34 -22.25 -22.15 -22.11 -22.06 -21.96 -21.86 -21.76 -21.66 -21.61 -21.56 -21.45 -21.34 -21.23 -21.12 -21.06 -21 -20.87 -20.75 
6.25 -23.31 -23.31 -23.3 -23.3 -23.29 -23.29 -23.29 -23.29 -23.28 -23.27 -23.27 -23.26 -23.25 -23.25 -23.23 -23.21 -23.19 -23.17 -23.15 -23.14 -23.1 -23.07 -23.02 -22.97 -22.94 -22.91 -22.85 -22.78 -22.71 -22.63 -22.59 -22.55 -22.47 -22.38 -22.29 -22.19 -22.15 -22.1 -22 -21.9 -21.8 -21.7 -21.65 -21.6 -21.49 -21.38 -21.27 -21.16 -21.1 -21.04 -20.92 -20.79 
6.3 -23.3 -23.3 -23.29 -23.29 -23.29 -23.28 -23.28 -23.28 -23.28 -23.27 -23.26 -23.26 -23.25 -23.25 -23.23 -23.22 -23.2 -23.18 -23.17 -23.15 -23.12 -23.09 -23.05 -23 -22.98 -22.95 -22.89 -22.83 -22.76 -22.69 -22.65 -22.61 -22.53 -22.44 -22.35 -22.26 -22.21 -22.17 -22.07 -21.97 -21.87 -21.77 -21.72 -21.67 -21.56 -21.45 -21.34 -21.23 -21.17 -21.11 -20.99 -20.86 
6.35 -23.28 -23.28 -23.28 -23.28 -23.28 -23.27 -23.27 -23.27 -23.27 -23.26 -23.26 -23.25 -23.25 -23.25 -23.24 -23.22 -23.21 -23.19 -23.18 -23.17 -23.15 -23.12 -23.08 -23.04 -23.02 -23 -22.95 -22.89 -22.83 -22.76 -22.72 -22.68 -22.61 -22.52 -22.44 -22.35 -22.31 -22.26 -22.17 -22.07 -21.97 -21.87 -21.82 -21.77 -21.66 -21.55 -21.44 -21.33 -21.27 -21.21 -21.09 -20.96 
6.4 -23.27 -23.27 -23.27 -23.27 -23.27 -23.26 -23.26 -23.26 -23.26 -23.26 -23.25 -23.25 -23.24 -23.24 -23.23 -23.23 -23.21 -23.2 -23.19 -23.18 -23.16 -23.14 -23.11 -23.08 -23.06 -23.04 -22.99 -22.94 -22.89 -22.83 -22.79 -22.76 -22.69 -22.61 -22.53 -22.44 -22.4 -22.36 -22.26 -22.17 -22.07 -21.97 -21.92 -21.87 -21.77 -21.66 -21.55 -21.44 -21.38 -21.32 -21.19 -21.06 
6.45 -23.26 -23.26 -23.26 -23.25 -23.25 -23.25 -23.25 -23.25 -23.25 -23.25 -23.24 -23.24 -23.24 -23.23 -23.23 -23.22 -23.21 -23.2 -23.2 -23.19 -23.17 -23.15 -23.13 -23.1 -23.09 -23.07 -23.03 -22.99 -22.94 -22.88 -22.85 -22.82 -22.76 -22.68 -22.61 -22.53 -22.48 -22.44 -22.35 -22.26 -22.17 -22.07 -22.02 -21.97 -21.86 -21.76 -21.65 -21.53 -21.47 -21.42 -21.29 -21.16 
6.5 -23.24 -23.24 -23.24 -23.24 -23.24 -23.24 -23.24 -23.24 -23.23 -23.23 -23.23 -23.23 -23.22 -23.22 -23.22 -23.21 -23.21 -23.2 -23.19 -23.19 -23.17 -23.16 -23.14 -23.11 -23.1 -23.09 -23.05 -23.01 -22.97 -22.92 -22.89 -22.87 -22.81 -22.74 -22.67 -22.59 -22.55 -22.51 -22.42 -22.33 -22.24 -22.15 -22.1 -22.05 -21.94 -21.84 -21.73 -21.62 -21.56 -21.5 -21.37 -21.24 
6.55 -23.22 -23.22 -23.22 -23.22 -23.22 -23.22 -23.22 -23.22 -23.22 -23.22 -23.21 -23.21 -23.21 -23.21 -23.21 -23.2 -23.19 -23.19 -23.18 -23.18 -23.17 -23.15 -23.14 -23.12 -23.1 -23.09 -23.06 -23.03 -22.99 -22.94 -22.92 -22.89 -22.84 -22.77 -22.71 -22.63 -22.59 -22.55 -22.47 -22.38 -22.29 -22.2 -22.15 -22.1 -22 -21.9 -21.79 -21.68 -21.62 -21.56 -21.43 -21.31 
6.6 -23.21 -23.21 -23.21 -23.2 -23.2 -23.2 -23.2 -23.2 -23.2 -23.2 -23.2 -23.2 -23.19 -23.19 -23.19 -23.19 -23.18 -23.17 -23.17 -23.17 -23.16 -23.14 -23.13 -23.11 -23.1 -23.09 -23.06 -23.03 -22.99 -22.95 -22.93 -22.9 -22.85 -22.79 -22.73 -22.66 -22.62 -22.58 -22.5 -22.42 -22.33 -22.23 -22.19 -22.14 -22.04 -21.93 -21.83 -21.71 -21.66 -21.6 -21.47 -21.35 
6.65 -23.19 -23.19 -23.19 -23.19 -23.19 -23.19 -23.18 -23.18 -23.18 -23.18 -23.18 -23.18 -23.18 -23.18 -23.17 -23.17 -23.16 -23.16 -23.15 -23.15 -23.14 -23.13 -23.12 -23.1 -23.09 -23.08 -23.05 -23.02 -22.99 -22.95 -22.93 -22.91 -22.85 -22.8 -22.73 -22.67 -22.63 -22.59 -22.51 -22.43 -22.34 -22.25 -22.2 -22.15 -22.06 -21.95 -21.85 -21.73 -21.68 -21.62 -21.5 -21.37 
6.7 -23.17 -23.17 -23.17 -23.17 -23.17 -23.17 -23.17 -23.17 -23.16 -23.16 -23.16 -23.16 -23.16 -23.16 -23.15 -23.15 -23.15 -23.14 -23.14 -23.13 -23.12 -23.11 -23.1 -23.08 -23.08 -23.06 -23.04 -23.01 -22.98 -22.94 -22.92 -22.9 -22.85 -22.79 -22.73 -22.66 -22.63 -22.59 -22.51 -22.43 -22.35 -22.25 -22.21 -22.16 -22.06 -21.96 -21.85 -21.74 -21.68 -21.63 -21.51 -21.38 
6.75 -23.15 -23.15 -23.15 -23.15 -23.15 -23.15 -23.15 -23.15 -23.15 -23.14 -23.14 -23.14 -23.14 -23.14 -23.14 -23.13 -23.13 -23.12 -23.12 -23.12 -23.11 -23.1 -23.08 -23.07 -23.06 -23.05 -23.03 -23 -22.97 -22.93 -22.91 -22.89 -22.84 -22.78 -22.72 -22.66 -22.62 -22.59 -22.51 -22.43 -22.34 -22.25 -22.2 -22.16 -22.06 -21.96 -21.85 -21.74 -21.68 -21.63 -21.5 -21.38 
6.8 -23.13 -23.13 -23.13 -23.13 -23.13 -23.13 -23.13 -23.13 -23.13 -23.12 -23.12 -23.12 -23.12 -23.12 -23.12 -23.11 -23.11 -23.1 -23.1 -23.1 -23.09 -23.08 -23.07 -23.05 -23.04 -23.03 -23.01 -22.98 -22.95 -22.92 -22.89 -22.87 -22.83 -22.77 -22.71 -22.65 -22.61 -22.58 -22.5 -22.42 -22.33 -22.24 -22.2 -22.15 -22.05 -21.95 -21.84 -21.73 -21.68 -21.62 -21.5 -21.37 
6.85 -23.11 -23.11 -23.11 -23.11 -23.11 -23.11 -23.11 -23.11 -23.11 -23.1 -23.1 -23.1 -23.1 -23.1 -23.1 -23.09 -23.09 -23.08 -23.08 -23.08 -23.07 -23.06 -23.05 -23.03 -23.02 -23.01 -22.99 -22.97 -22.94 -22.9 -22.88 -22.86 -22.81 -22.76 -22.7 -22.63 -22.6 -22.56 -22.49 -22.41 -22.32 -22.23 -22.19 -22.14 -22.04 -21.94 -21.84 -21.73 -21.67 -21.61 -21.49 -21.37 
6.9 -23.09 -23.09 -23.09 -23.09 -23.09 -23.09 -23.09 -23.09 -23.08 -23.08 -23.08 -23.08 -23.08 -23.08 -23.08 -23.07 -23.07 -23.06 -23.06 -23.06 -23.05 -23.04 -23.03 -23.01 -23.01 -23 -22.98 -22.95 -22.92 -22.89 -22.87 -22.84 -22.8 -22.75 -22.69 -22.62 -22.59 -22.55 -22.48 -22.4 -22.32 -22.23 -22.18 -22.13 -22.04 -21.94 -21.83 -21.72 -21.67 -21.61 -21.49 -21.36 
6.95 -23.07 -23.07 -23.07 -23.07 -23.07 -23.07 -23.06 -23.06 -23.06 -23.06 -23.06 -23.06 -23.06 -23.06 -23.06 -23.05 -23.05 -23.04 -23.04 -23.04 -23.03 -23.02 -23.01 -23 -22.99 -22.98 -22.96 -22.94 -22.91 -22.87 -22.86 -22.84 -22.79 -22.74 -22.68 -22.62 -22.59 -22.55 -22.48 -22.4 -22.32 -22.23 -22.18 -22.14 -22.04 -21.94 -21.84 -21.73 -21.67 -21.61 -21.5 -21.37 
7 -23.05 -23.05 -23.05 -23.04 -23.04 -23.04 -23.04 -23.04 -23.04 -23.04 -23.04 -23.04 -23.04 -23.04 -23.04 -23.03 -23.03 -23.02 -23.02 -23.02 -23.01 -23 -22.99 -22.98 -22.97 -22.97 -22.95 -22.93 -22.9 -22.87 -22.85 -22.83 -22.79 -22.74 -22.69 -22.63 -22.59 -22.56 -22.49 -22.41 -22.33 -22.24 -22.2 -22.15 -22.06 -21.96 -21.86 -21.75 -21.69 -21.63 -21.52 -21.39 
7.05 -23.02 -23.02 -23.02 -23.02 -23.02 -23.02 -23.02 -23.02 -23.02 -23.02 -23.02 -23.02 -23.02 -23.02 -23.02 -23.01 -23.01 -23.01 -23 -23 -23 -22.99 -22.98 -22.97 -22.96 -22.95 -22.94 -22.92 -22.89 -22.87 -22.85 -22.83 -22.79 -22.75 -22.7 -22.64 -22.61 -22.58 -22.51 -22.44 -22.36 -22.28 -22.23 -22.19 -22.09 -21.99 -21.89 -21.79 -21.73 -21.67 -21.56 -21.43 
7.1 -23 -23 -23 -23 -23 -23 -23 -23 -23 -23 -23 -23 -23 -23 -23 -22.99 -22.99 -22.99 -22.99 -22.98 -22.98 -22.97 -22.97 -22.96 -22.95 -22.95 -22.93 -22.91 -22.89 -22.87 -22.86 -22.84 -22.81 -22.77 -22.72 -22.67 -22.64 -22.61 -22.55 -22.48 -22.41 -22.32 -22.28 -22.24 -22.15 -22.05 -21.95 -21.85 -21.79 -21.74 -21.62 -21.5 
7.15 -22.98 -22.98 -22.98 -22.98 -22.98 -22.98 -22.98 -22.98 -22.98 -22.98 -22.98 -22.98 -22.98 -22.98 -22.97 -22.97 -22.97 -22.97 -22.97 -22.97 -22.96 -22.96 -22.95 -22.94 -22.94 -22.94 -22.92 -22.91 -22.89 -22.87 -22.86 -22.85 -22.82 -22.79 -22.75 -22.7 -22.68 -22.65 -22.6 -22.53 -22.46 -22.39 -22.35 -22.31 -22.22 -22.13 -22.03 -21.93 -21.87 -21.82 -21.7 -21.58 
7.2 -22.96 -22.96 -22.96 -22.96 -22.96 -22.96 -22.96 -22.96 -22.96 -22.96 -22.96 -22.96 -22.96 -22.96 -22.95 -22.95 -22.95 -22.95 -22.95 -22.95 -22.94 -22.94 -22.94 -22.93 -22.93 -22.92 -22.92 -22.9 -22.89 -22.88 -22.87 -22.86 -22.83 -22.81 -22.77 -22.73 -22.71 -22.69 -22.64 -22.58 -22.52 -22.45 -22.41 -22.38 -22.29 -22.21 -22.11 -22.01 -21.96 -21.9 -21.79 -21.67 
7.25 -22.94 -22.94 -22.94 -22.94 -22.94 -22.94 -22.94 -22.94 -22.94 -22.93 -22.93 -22.93 -22.93 -22.93 -22.93 -22.93 -22.93 -22.93 -22.93 -22.93 -22.93 -22.92 -22.92 -22.91 -22.91 -22.91 -22.9 -22.89 -22.88 -22.87 -22.86 -22.86 -22.84 -22.81 -22.79 -22.76 -22.74 -22.72 -22.67 -22.62 -22.57 -22.5 -22.47 -22.43 -22.36 -22.27 -22.18 -22.09 -22.04 -21.98 -21.87 -21.75 
7.3 -22.91 -22.91 -22.91 -22.91 -22.91 -22.91 -22.91 -22.91 -22.91 -22.91 -22.91 -22.91 -22.91 -22.91 -22.91 -22.91 -22.91 -22.91 -22.91 -22.91 -22.91 -22.9 -22.9 -22.9 -22.89 -22.89 -22.89 -22.88 -22.87 -22.86 -22.86 -22.85 -22.83 -22.81 -22.79 -22.76 -22.75 -22.73 -22.7 -22.65 -22.6 -22.54 -22.51 -22.48 -22.41 -22.33 -22.24 -22.15 -22.1 -22.05 -21.94 -21.82 
7.35 -22.89 -22.89 -22.89 -22.89 -22.89 -22.89 -22.89 -22.89 -22.89 -22.89 -22.89 -22.89 -22.89 -22.89 -22.89 -22.89 -22.89 -22.89 -22.89 -22.89 -22.88 -22.88 -22.88 -22.88 -22.88 -22.87 -22.87 -22.86 -22.86 -22.85 -22.84 -22.84 -22.82 -22.81 -22.79 -22.77 -22.75 -22.74 -22.71 -22.67 -22.62 -22.57 -22.54 -22.51 -22.44 -22.37 -22.29 -22.2 -22.15 -22.1 -21.99 -21.88 
7.4 -22.87 -22.87 -22.87 -22.87 -22.87 -22.87 -22.87 -22.87 -22.87 -22.87 -22.87 -22.87 -22.87 -22.87 -22.87 -22.87 -22.87 -22.86 -22.86 -22.86 -22.86 -22.86 -22.86 -22.86 -22.86 -22.85 -22.85 -22.85 -22.84 -22.83 -22.83 -22.82 -22.81 -22.8 -22.78 -22.76 -22.75 -22.74 -22.71 -22.67 -22.63 -22.58 -22.56 -22.53 -22.47 -22.4 -22.32 -22.23 -22.19 -22.14 -22.03 -21.92 
7.45 -22.85 -22.85 -22.85 -22.85 -22.85 -22.85 -22.85 -22.85 -22.85 -22.85 -22.84 -22.84 -22.84 -22.84 -22.84 -22.84 -22.84 -22.84 -22.84 -22.84 -22.84 -22.84 -22.84 -22.84 -22.83 -22.83 -22.83 -22.83 -22.82 -22.81 -22.81 -22.81 -22.8 -22.78 -22.77 -22.75 -22.74 -22.73 -22.7 -22.67 -22.63 -22.59 -22.57 -22.54 -22.48 -22.41 -22.34 -22.26 -22.21 -22.17 -22.06 -21.95 
7.5 -22.82 -22.82 -22.82 -22.82 -22.82 -22.82 -22.82 -22.82 -22.82 -22.82 -22.82 -22.82 -22.82 -22.82 -22.82 -22.82 -22.82 -22.82 -22.82 -22.82 -22.82 -22.82 -22.82 -22.81 -22.81 -22.81 -22.81 -22.8 -22.8 -22.79 -22.79 -22.79 -22.78 -22.77 -22.75 -22.74 -22.73 -22.72 -22.69 -22.66 -22.63 -22.59 -22.57 -22.54 -22.49 -22.42 -22.35 -22.27 -22.23 -22.18 -22.08 -21.97 
7.55 -22.8 -22.8 -22.8 -22.8 -22.8 -22.8 -22.8 -22.8 -22.8 -22.8 -22.8 -22.8 -22.8 -22.8 -22.8 -22.8 -22.8 -22.8 -22.8 -22.8 -22.8 -22.79 -22.79 -22.79 -22.79 -22.79 -22.79 -22.78 -22.78 -22.77 -22.77 -22.77 -22.76 -22.75 -22.74 -22.72 -22.71 -22.7 -22.68 -22.65 -22.62 -22.58 -22.56 -22.54 -22.49 -22.43 -22.36 -22.28 -22.24 -22.19 -22.09 -21.99 
7.6 -22.78 -22.78 -22.78 -22.78 -22.78 -22.78 -22.78 -22.78 -22.78 -22.78 -22.78 -22.78 -22.78 -22.78 -22.78 -22.78 -22.77 -22.77 -22.77 -22.77 -22.77 -22.77 -22.77 -22.77 -22.77 -22.77 -22.76 -22.76 -22.76 -22.75 -22.75 -22.75 -22.74 -22.73 -22.72 -22.7 -22.7 -22.69 -22.67 -22.64 -22.61 -22.57 -22.55 -22.53 -22.48 -22.42 -22.36 -22.28 -22.24 -22.19 -22.1 -21.99 
7.65 -22.75 -22.75 -22.75 -22.75 -22.75 -22.75 -22.75 -22.75 -22.75 -22.75 -22.75 -22.75 -22.75 -22.75 -22.75 -22.75 -22.75 -22.75 -22.75 -22.75 -22.75 -22.75 -22.75 -22.75 -22.75 -22.74 -22.74 -22.74 -22.74 -22.73 -22.73 -22.73 -22.72 -22.71 -22.7 -22.69 -22.68 -22.67 -22.65 -22.62 -22.6 -22.56 -22.54 -22.52 -22.47 -22.41 -22.35 -22.28 -22.24 -22.19 -22.1 -21.99 
7.7 -22.73 -22.73 -22.73 -22.73 -22.73 -22.73 -22.73 -22.73 -22.73 -22.73 -22.73 -22.73 -22.73 -22.73 -22.73 -22.73 -22.73 -22.73 -22.73 -22.73 -22.73 -22.73 -22.72 -22.72 -22.72 -22.72 -22.72 -22.72 -22.71 -22.71 -22.71 -22.7 -22.7 -22.69 -22.68 -22.67 -22.66 -22.65 -22.63 -22.61 -22.58 -22.55 -22.53 -22.51 -22.46 -22.4 -22.34 -22.27 -22.23 -22.19 -22.09 -21.99 
7.75 -22.71 -22.71 -22.71 -22.71 -22.71 -22.71 -22.71 -22.71 -22.71 -22.71 -22.71 -22.71 -22.71 -22.71 -22.71 -22.71 -22.71 -22.7 -22.7 -22.7 -22.7 -22.7 -22.7 -22.7 -22.7 -22.7 -22.7 -22.69 -22.69 -22.69 -22.68 -22.68 -22.68 -22.67 -22.66 -22.65 -22.64 -22.63 -22.61 -22.59 -22.56 -22.53 -22.51 -22.49 -22.45 -22.39 -22.33 -22.26 -22.22 -22.18 -22.09 -21.98 
7.8 -22.68 -22.68 -22.68 -22.68 -22.68 -22.68 -22.68 -22.68 -22.68 -22.68 -22.68 -22.68 -22.68 -22.68 -22.68 -22.68 -22.68 -22.68 -22.68 -22.68 -22.68 -22.68 -22.68 -22.68 -22.68 -22.68 -22.67 -22.67 -22.67 -22.66 -22.66 -22.66 -22.65 -22.65 -22.64 -22.62 -22.62 -22.61 -22.59 -22.57 -22.54 -22.51 -22.5 -22.48 -22.43 -22.38 -22.32 -22.25 -22.21 -22.17 -22.08 -21.97 
7.85 -22.66 -22.66 -22.66 -22.66 -22.66 -22.66 -22.66 -22.66 -22.66 -22.66 -22.66 -22.66 -22.66 -22.66 -22.66 -22.66 -22.66 -22.66 -22.66 -22.66 -22.66 -22.66 -22.66 -22.65 -22.65 -22.65 -22.65 -22.65 -22.65 -22.64 -22.64 -22.64 -22.63 -22.62 -22.61 -22.6 -22.6 -22.59 -22.57 -22.55 -22.53 -22.5 -22.48 -22.46 -22.42 -22.36 -22.31 -22.24 -22.2 -22.16 -22.07 -21.97 
7.9 -22.64 -22.64 -22.64 -22.64 -22.64 -22.64 -22.64 -22.64 -22.64 -22.64 -22.64 -22.64 -22.64 -22.64 -22.64 -22.64 -22.63 -22.63 -22.63 -22.63 -22.63 -22.63 -22.63 -22.63 -22.63 -22.63 -22.63 -22.63 -22.62 -22.62 -22.62 -22.61 -22.61 -22.6 -22.59 -22.58 -22.58 -22.57 -22.55 -22.53 -22.51 -22.48 -22.46 -22.44 -22.4 -22.35 -22.29 -22.22 -22.19 -22.15 -22.06 -21.96 
7.95 -22.61 -22.61 -22.61 -22.61 -22.61 -22.61 -22.61 -22.61 -22.61 -22.61 -22.61 -22.61 -22.61 -22.61 -22.61 -22.61 -22.61 -22.61 -22.61 -22.61 -22.61 -22.61 -22.61 -22.61 -22.61 -22.61 -22.6 -22.6 -22.6 -22.6 -22.59 -22.59 -22.59 -22.58 -22.57 -22.56 -22.55 -22.55 -22.53 -22.51 -22.49 -22.46 -22.44 -22.42 -22.38 -22.33 -22.28 -22.21 -22.17 -22.13 -22.05 -21.95 
8 -22.59 -22.59 -22.59 -22.59 -22.59 -22.59 -22.59 -22.59 -22.59 -22.59 -22.59 -22.59 -22.59 -22.59 -22.59 -22.59 -22.59 -22.59 -22.59 -22.59 -22.59 -22.59 -22.58 -22.58 -22.58 -22.58 -22.58 -22.58 -22.58 -22.57 -22.57 -22.57 -22.56 -22.56 -22.55 -22.54 -22.53 -22.53 -22.51 -22.49 -22.47 -22.44 -22.42 -22.41 -22.37 -22.32 -22.26 -22.2 -22.16 -22.12 -22.03 -21.94 
8.05 -22.57 -22.57 -22.57 -22.57 -22.57 -22.57 -22.57 -22.57 -22.56 -22.56 -22.56 -22.56 -22.56 -22.56 -22.56 -22.56 -22.56 -22.56 -22.56 -22.56 -22.56 -22.56 -22.56 -22.56 -22.56 -22.56 -22.56 -22.56 -22.55 -22.55 -22.55 -22.55 -22.54 -22.53 -22.53 -22.52 -22.51 -22.5 -22.49 -22.47 -22.45 -22.42 -22.41 -22.39 -22.35 -22.3 -22.25 -22.18 -22.15 -22.11 -22.02 -21.93 
8.1 -22.54 -22.54 -22.54 -22.54 -22.54 -22.54 -22.54 -22.54 -22.54 -22.54 -22.54 -22.54 -22.54 -22.54 -22.54 -22.54 -22.54 -22.54 -22.54 -22.54 -22.54 -22.54 -22.54 -22.54 -22.54 -22.54 -22.53 -22.53 -22.53 -22.53 -22.52 -22.52 -22.52 -22.51 -22.5 -22.49 -22.49 -22.48 -22.47 -22.45 -22.43 -22.4 -22.39 -22.37 -22.33 -22.29 -22.23 -22.17 -22.13 -22.1 -22.01 -21.91 
8.15 -22.52 -22.52 -22.52 -22.52 -22.52 -22.52 -22.52 -22.52 -22.52 -22.52 -22.52 -22.52 -22.52 -22.52 -22.52 -22.52 -22.52 -22.52 -22.52 -22.52 -22.52 -22.51 -22.51 -22.51 -22.51 -22.51 -22.51 -22.51 -22.51 -22.5 -22.5 -22.5 -22.49 -22.49 -22.48 -22.47 -22.47 -22.46 -22.45 -22.43 -22.41 -22.38 -22.37 -22.35 -22.31 -22.27 -22.22 -22.16 -22.12 -22.08 -22 -21.9 
8.2 -22.49 -22.49 -22.49 -22.49 -22.49 -22.49 -22.49 -22.49 -22.49 -22.49 -22.49 -22.49 -22.49 -22.49 -22.49 -22.49 -22.49 -22.49 -22.49 -22.49 -22.49 -22.49 -22.49 -22.49 -22.49 -22.49 -22.49 -22.48 -22.48 -22.48 -22.48 -22.48 -22.47 -22.47 -22.46 -22.45 -22.44 -22.44 -22.43 -22.41 -22.39 -22.36 -22.35 -22.33 -22.3 -22.25 -22.2 -22.14 -22.11 -22.07 -21.98 -21.89 
8.25 -22.47 -22.47 -22.47 -22.47 -22.47 -22.47 -22.47 -22.47 -22.47 -22.47 -22.47 -22.47 -22.47 -22.47 -22.47 -22.47 -22.47 -22.47 -22.47 -22.47 -22.47 -22.47 -22.47 -22.47 -22.46 -22.46 -22.46 -22.46 -22.46 -22.46 -22.45 -22.45 -22.45 -22.44 -22.44 -22.43 -22.42 -22.42 -22.4 -22.39 -22.37 -22.34 -22.33 -22.31 -22.28 -22.23 -22.18 -22.12 -22.09 -22.05 -21.97 -21.88 
8.3 -22.45 -22.45 -22.45 -22.45 -22.45 -22.45 -22.45 -22.45 -22.45 -22.45 -22.45 -22.44 -22.44 -22.44 -22.44 -22.44 -22.44 -22.44 -22.44 -22.44 -22.44 -22.44 -22.44 -22.44 -22.44 -22.44 -22.44 -22.44 -22.43 -22.43 -22.43 -22.43 -22.42 -22.42 -22.41 -22.4 -22.4 -22.39 -22.38 -22.37 -22.35 -22.32 -22.31 -22.29 -22.26 -22.22 -22.17 -22.11 -22.07 -22.04 -21.95 -21.86 
8.35 -22.42 -22.42 -22.42 -22.42 -22.42 -22.42 -22.42 -22.42 -22.42 -22.42 -22.42 -22.42 -22.42 -22.42 -22.42 -22.42 -22.42 -22.42 -22.42 -22.42 -22.42 -22.42 -22.42 -22.42 -22.42 -22.42 -22.41 -22.41 -22.41 -22.41 -22.41 -22.41 -22.4 -22.4 -22.39 -22.38 -22.38 -22.37 -22.36 -22.34 -22.32 -22.3 -22.29 -22.27 -22.24 -22.2 -22.15 -22.09 -22.05 -22.02 -21.94 -21.84 
8.4 -22.4 -22.4 -22.4 -22.4 -22.4 -22.4 -22.4 -22.4 -22.4 -22.4 -22.4 -22.4 -22.4 -22.4 -22.4 -22.4 -22.4 -22.4 -22.4 -22.4 -22.4 -22.39 -22.39 -22.39 -22.39 -22.39 -22.39 -22.39 -22.39 -22.38 -22.38 -22.38 -22.38 -22.37 -22.37 -22.36 -22.35 -22.35 -22.34 -22.32 -22.3 -22.28 -22.27 -22.25 -22.22 -22.18 -22.13 -22.07 -22.04 -22 -21.92 -21.83 
8.45 -22.37 -22.37 -22.37 -22.37 -22.37 -22.37 -22.37 -22.37 -22.37 -22.37 -22.37 -22.37 -22.37 -22.37 -22.37 -22.37 -22.37 -22.37 -22.37 -22.37 -22.37 -22.37 -22.37 -22.37 -22.37 -22.37 -22.37 -22.37 -22.36 -22.36 -22.36 -22.36 -22.35 -22.35 -22.34 -22.33 -22.33 -22.32 -22.31 -22.3 -22.28 -22.26 -22.24 -22.23 -22.2 -22.16 -22.11 -22.05 -22.02 -21.98 -21.9 -21.81 
8.5 -22.35 -22.35 -22.35 -22.35 -22.35 -22.35 -22.35 -22.35 -22.35 -22.35 -22.35 -22.35 -22.35 -22.35 -22.35 -22.35 -22.35 -22.35 -22.35 -22.35 -22.35 -22.35 -22.35 -22.34 -22.34 -22.34 -22.34 -22.34 -22.34 -22.34 -22.33 -22.33 -22.33 -22.32 -22.32 -22.31 -22.31 -22.3 -22.29 -22.27 -22.26 -22.23 -22.22 -22.21 -22.17 -22.13 -22.09 -22.03 -22 -21.96 -21.88 -21.79 
8.55 -22.32 -22.32 -22.32 -22.32 -22.32 -22.32 -22.32 -22.32 -22.32 -22.32 -22.32 -22.32 -22.32 -22.32 -22.32 -22.32 -22.32 -22.32 -22.32 -22.32 -22.32 -22.32 -22.32 -22.32 -22.32 -22.32 -22.32 -22.32 -22.31 -22.31 -22.31 -22.31 -22.31 -22.3 -22.29 -22.29 -22.28 -22.28 -22.27 -22.25 -22.23 -22.21 -22.2 -22.18 -22.15 -22.11 -22.06 -22.01 -21.98 -21.94 -21.86 -21.77 
8.6 -22.3 -22.3 -22.3 -22.3 -22.3 -22.3 -22.3 -22.3 -22.3 -22.3 -22.3 -22.3 -22.3 -22.3 -22.3 -22.3 -22.3 -22.3 -22.3 -22.3 -22.3 -22.3 -22.3 -22.3 -22.3 -22.3 -22.29 -22.29 -22.29 -22.29 -22.29 -22.29 -22.28 -22.28 -22.27 -22.26 -22.26 -22.25 -22.24 -22.23 -22.21 -22.19 -22.18 -22.16 -22.13 -22.09 -22.04 -21.99 -21.95 -21.92 -21.84 -21.75 
8.65 -22.28 -22.28 -22.28 -22.28 -22.28 -22.28 -22.28 -22.28 -22.28 -22.28 -22.28 -22.28 -22.28 -22.28 -22.28 -22.27 -22.27 -22.27 -22.27 -22.27 -22.27 -22.27 -22.27 -22.27 -22.27 -22.27 -22.27 -22.27 -22.27 -22.26 -22.26 -22.26 -22.26 -22.25 -22.25 -22.24 -22.23 -22.23 -22.22 -22.2 -22.19 -22.17 -22.15 -22.14 -22.11 -22.07 -22.02 -21.96 -21.93 -21.9 -21.82 -21.73 
8.7 -22.25 -22.25 -22.25 -22.25 -22.25 -22.25 -22.25 -22.25 -22.25 -22.25 -22.25 -22.25 -22.25 -22.25 -22.25 -22.25 -22.25 -22.25 -22.25 -22.25 -22.25 -22.25 -22.25 -22.25 -22.25 -22.25 -22.25 -22.24 -22.24 -22.24 -22.24 -22.24 -22.23 -22.23 -22.22 -22.22 -22.21 -22.21 -22.19 -22.18 -22.16 -22.14 -22.13 -22.12 -22.08 -22.04 -22 -21.94 -21.91 -21.88 -21.8 -21.71 
8.75 -22.23 -22.23 -22.23 -22.23 -22.23 -22.23 -22.23 -22.23 -22.23 -22.23 -22.23 -22.23 -22.23 -22.23 -22.23 -22.23 -22.23 -22.23 -22.23 -22.23 -22.23 -22.22 -22.22 -22.22 -22.22 -22.22 -22.22 -22.22 -22.22 -22.22 -22.21 -22.21 -22.21 -22.2 -22.2 -22.19 -22.19 -22.18 -22.17 -22.16 -22.14 -22.12 -22.11 -22.09 -22.06 -22.02 -21.98 -21.92 -21.89 -21.85 -21.78 -21.69 
8.8 -22.2 -22.2 -22.2 -22.2 -22.2 -22.2 -22.2 -22.2 -22.2 -22.2 -22.2 -22.2 -22.2 -22.2 -22.2 -22.2 -22.2 -22.2 -22.2 -22.2 -22.2 -22.2 -22.2 -22.2 -22.2 -22.2 -22.2 -22.2 -22.19 -22.19 -22.19 -22.19 -22.18 -22.18 -22.17 -22.17 -22.16 -22.16 -22.15 -22.13 -22.12 -22.09 -22.08 -22.07 -22.04 -22 -21.95 -21.9 -21.87 -21.83 -21.75 -21.66 
8.85 -22.18 -22.18 -22.18 -22.18 -22.18 -22.18 -22.18 -22.18 -22.18 -22.18 -22.18 -22.18 -22.18 -22.18 -22.18 -22.18 -22.18 -22.18 -22.18 -22.18 -22.18 -22.18 -22.18 -22.17 -22.17 -22.17 -22.17 -22.17 -22.17 -22.17 -22.17 -22.16 -22.16 -22.16 -22.15 -22.14 -22.14 -22.13 -22.12 -22.11 -22.09 -22.07 -22.06 -22.04 -22.01 -21.98 -21.93 -21.87 -21.84 -21.81 -21.73 -21.64 
8.9 -22.15 -22.15 -22.15 -22.15 -22.15 -22.15 -22.15 -22.15 -22.15 -22.15 -22.15 -22.15 -22.15 -22.15 -22.15 -22.15 -22.15 -22.15 -22.15 -22.15 -22.15 -22.15 -22.15 -22.15 -22.15 -22.15 -22.15 -22.15 -22.14 -22.14 -22.14 -22.14 -22.14 -22.13 -22.13 -22.12 -22.11 -22.11 -22.1 -22.08 -22.07 -22.05 -22.03 -22.02 -21.99 -21.95 -21.91 -21.85 -21.82 -21.79 -21.71 -21.62 
8.95 -22.13 -22.13 -22.13 -22.13 -22.13 -22.13 -22.13 -22.13 -22.13 -22.13 -22.13 -22.13 -22.13 -22.13 -22.13 -22.13 -22.13 -22.13 -22.13 -22.13 -22.13 -22.13 -22.13 -22.13 -22.12 -22.12 -22.12 -22.12 -22.12 -22.12 -22.12 -22.11 -22.11 -22.11 -22.1 -22.09 -22.09 -22.09 -22.07 -22.06 -22.04 -22.02 -22.01 -22 -21.97 -21.93 -21.88 -21.83 -21.8 -21.76 -21.69 -21.6 
9 -22.1 -22.1 -22.1 -22.1 -22.1 -22.1 -22.1 -22.1 -22.1 -22.1 -22.1 -22.1 -22.1 -22.1 -22.1 -22.1 -22.1 -22.1 -22.1 -22.1 -22.1 -22.1 -22.1 -22.1 -22.1 -22.1 -22.1 -22.1 -22.1 -22.09 -22.09 -22.09 -22.09 -22.08 -22.08 -22.07 -22.07 -22.06 -22.05 -22.04 -22.02 -22 -21.99 -21.97 -21.94 -21.9 -21.86 -21.8 -21.77 -21.74 -21.66 -21.57 
